Sum of squared errors: 84.40072621975658
Cluster centroids:
+-----------+--------------------+----------------+--------------------+----------------+---------------------+--------------------+---------------------+----------------------+----------------+---------------+
| Attribute |   Cluster 0 (12)   | Cluster 1 (10) |   Cluster 2 (13)   | Cluster 3 (10) |    Cluster 4 (7)    |   Cluster 5 (7)    |    Cluster 6 (6)    |    Cluster 7 (17)    | Cluster 8 (16) | Cluster 9 (2) |
+-----------+--------------------+----------------+--------------------+----------------+---------------------+--------------------+---------------------+----------------------+----------------+---------------+
|    Home   |        1.0         |      0.9       | 0.5384615384615384 |      0.4       |         1.0         | 0.7142857142857143 |         1.0         |         0.0          |      0.5       |      1.0      |
|  Products | 0.4166666666666667 |      0.0       | 0.6923076923076923 |      0.5       |         1.0         |        1.0         |         1.0         |         1.0          |     0.875      |      1.0      |
|   Search  |        0.75        |      0.9       |        0.0         |      0.0       | 0.14285714285714285 |        1.0         |         0.0         | 0.058823529411764705 |      1.0       |      0.0      |
|   Prod_A  |        0.25        |      0.7       | 0.7692307692307693 |      1.0       |  0.8571428571428571 | 0.8571428571428571 |         1.0         |         0.0          |     0.1875     |      1.0      |
|   Prod_B  |        0.0         |      0.3       | 0.5384615384615384 |      0.2       |         1.0         |        0.0         |         0.5         |         1.0          |      1.0       |      0.0      |
|   Prod_C  |        0.25        |      0.5       |        0.0         |      0.0       |         0.0         | 0.8571428571428571 |  0.8333333333333334 |  0.9411764705882353  |      0.5       |      1.0      |
|    Cart   | 0.4166666666666667 |      1.0       |        0.0         |      1.0       |         1.0         |        1.0         |  0.8333333333333334 |  0.5882352941176471  |     0.3125     |      1.0      |
|  Purchase |        0.0         |      0.8       |        0.0         |      0.9       |  0.8571428571428571 | 0.8571428571428571 | 0.16666666666666666 |  0.5294117647058824  |      0.0       |      0.0      |
+-----------+--------------------+----------------+--------------------+----------------+---------------------+--------------------+---------------------+----------------------+----------------+---------------+