Sum of squared errors: 87.78389604510056
Cluster centroids:
+-----------+---------------------+--------------------+----------------+---------------+--------------------+---------------------+---------------------+---------------------+---------------------+
| Attribute |    Cluster 0 (23)   |   Cluster 1 (18)   | Cluster 2 (10) | Cluster 3 (8) |   Cluster 4 (9)    |    Cluster 5 (7)    |    Cluster 6 (12)   |    Cluster 7 (11)   |    Cluster 8 (11)   |
+-----------+---------------------+--------------------+----------------+---------------+--------------------+---------------------+---------------------+---------------------+---------------------+
|    Home   | 0.08695652173913043 | 0.8888888888888888 |      0.7       |      0.75     |        1.0         |         1.0         |         0.5         |  0.6363636363636364 | 0.18181818181818182 |
|  Products |         1.0         | 0.9444444444444444 |      0.8       |      0.75     | 0.3333333333333333 |         0.0         |         0.0         |  0.5454545454545454 |         1.0         |
|   Search  |  0.2608695652173913 | 0.1111111111111111 |      1.0       |      0.25     | 0.7777777777777778 |  0.5714285714285714 |         0.5         |         0.0         |  0.6363636363636364 |
|   Prod_A  |         0.0         | 0.8888888888888888 |      0.5       |     0.625     |        1.0         |         0.0         |         0.75        |         1.0         |         0.0         |
|   Prod_B  |  0.9565217391304348 | 0.5555555555555556 |      0.0       |      0.0      | 0.4444444444444444 | 0.14285714285714285 |  0.3333333333333333 | 0.36363636363636365 |         1.0         |
|   Prod_C  |  0.9130434782608695 | 0.2222222222222222 |      1.0       |      0.25     | 0.7777777777777778 |         0.0         | 0.16666666666666666 |         0.0         |         0.0         |
|    Cart   |  0.4782608695652174 |        1.0         |      0.8       |      1.0      | 0.2222222222222222 | 0.14285714285714285 |         1.0         |         0.0         | 0.36363636363636365 |
|  Purchase |  0.391304347826087  | 0.7222222222222222 |      0.6       |      0.0      |        0.0         |         0.0         |         1.0         |         0.0         |         0.0         |
+-----------+---------------------+--------------------+----------------+---------------+--------------------+---------------------+---------------------+---------------------+---------------------+