Sum of squared errors: 90.50743928998821
Cluster centroids:
+-----------+--------------------+---------------------+----------------+--------------------+--------------------+---------------+---------------------+
| Attribute |   Cluster 0 (24)   |    Cluster 1 (19)   | Cluster 2 (16) |   Cluster 3 (18)   |   Cluster 4 (9)    | Cluster 5 (2) |    Cluster 6 (12)   |
+-----------+--------------------+---------------------+----------------+--------------------+--------------------+---------------+---------------------+
|    Home   |        0.75        |  0.8421052631578947 |     0.6875     | 0.8333333333333334 |        0.0         |      0.0      |         0.0         |
|  Products | 0.4583333333333333 |  0.8947368421052632 |      0.75      |        0.5         |        1.0         |      1.0      |         1.0         |
|   Search  | 0.7083333333333334 | 0.05263157894736842 |      1.0       | 0.2777777777777778 | 0.1111111111111111 |      0.5      | 0.16666666666666666 |
|   Prod_A  | 0.8333333333333334 |  0.8947368421052632 |      0.0       | 0.8888888888888888 |        0.0         |      0.0      |         0.0         |
|   Prod_B  |       0.125        |  0.631578947368421  |     0.625      | 0.3888888888888889 |        1.0         |      1.0      |         1.0         |
|   Prod_C  | 0.5833333333333334 | 0.15789473684210525 |      0.25      | 0.2777777777777778 | 0.8888888888888888 |      1.0      |         0.75        |
|    Cart   |        1.0         |         1.0         |     0.4375     |        0.0         |        1.0         |      1.0      |         0.0         |
|  Purchase | 0.7083333333333334 |  0.6842105263157895 |      0.0       |        0.0         |        1.0         |      0.0      |         0.0         |
+-----------+--------------------+---------------------+----------------+--------------------+--------------------+---------------+---------------------+