Sum of squared errors: 93.80128333738585
Cluster centroids:
+-----------+----------------+----------------+---------------------+---------------+---------------------+--------------------+
| Attribute | Cluster 0 (20) | Cluster 1 (10) |    Cluster 2 (18)   | Cluster 3 (8) |    Cluster 4 (26)   |   Cluster 5 (18)   |
+-----------+----------------+----------------+---------------------+---------------+---------------------+--------------------+
|    Home   |      0.25      |      0.0       |  0.9444444444444444 |      0.25     |  0.7692307692307693 | 0.8888888888888888 |
|  Products |      0.9       |      1.0       | 0.05555555555555555 |      1.0      |  0.8076923076923077 | 0.7777777777777778 |
|   Search  |      0.35      |      0.1       |  0.7777777777777778 |      1.0      | 0.11538461538461539 | 0.5555555555555556 |
|   Prod_A  |      0.25      |      0.0       |  0.4444444444444444 |      0.0      |  0.9230769230769231 | 0.8888888888888888 |
|   Prod_B  |      0.95      |      1.0       | 0.16666666666666666 |      1.0      | 0.38461538461538464 | 0.2777777777777778 |
|   Prod_C  |      0.7       |      0.9       | 0.16666666666666666 |     0.125     |         0.0         |        1.0         |
|    Cart   |      0.0       |      1.0       |  0.4444444444444444 |     0.625     |  0.8076923076923077 | 0.9444444444444444 |
|  Purchase |      0.0       |      0.9       |  0.3333333333333333 |      0.0      |  0.6153846153846154 | 0.4444444444444444 |
+-----------+----------------+----------------+---------------------+---------------+---------------------+--------------------+