Sum of squared errors: 78.71615356548543
Cluster centroids:
+-----------+---------------------+----------------+----------------+----------------+----------------+--------------------+----------------+---------------+--------------------+--------------------+
| Attribute |    Cluster 0 (13)   | Cluster 1 (16) | Cluster 2 (10) | Cluster 3 (10) | Cluster 4 (16) |   Cluster 5 (9)    | Cluster 6 (10) | Cluster 7 (8) |   Cluster 8 (9)    |   Cluster 9 (9)    |
+-----------+---------------------+----------------+----------------+----------------+----------------+--------------------+----------------+---------------+--------------------+--------------------+
|    Home   |         0.0         |      1.0       |      0.7       |      0.1       |      1.0       |        1.0         |      0.0       |      1.0      |        0.0         | 0.7777777777777778 |
|  Products |         1.0         |      1.0       |      0.0       |      0.2       |      1.0       |        0.0         |      1.0       |     0.375     |        1.0         |        1.0         |
|   Search  |  0.6153846153846154 |     0.0625     |      0.3       |      0.2       |     0.3125     |        1.0         |      0.1       |      1.0      |        0.0         |        1.0         |
|   Prod_A  | 0.07692307692307693 |     0.875      |      0.7       |      1.0       |     0.875      | 0.5555555555555556 |      0.0       |      0.0      |        0.0         | 0.3333333333333333 |
|   Prod_B  |         1.0         |     0.3125     |      0.3       |      0.2       |     0.375      | 0.3333333333333333 |      1.0       |     0.375     |        1.0         | 0.4444444444444444 |
|   Prod_C  | 0.23076923076923078 |     0.375      |      0.2       |      0.2       |      0.25      | 0.4444444444444444 |      0.8       |      0.0      |        1.0         |        1.0         |
|    Cart   |  0.3076923076923077 |     0.5625     |      0.0       |      1.0       |      1.0       |        1.0         |      1.0       |     0.375     | 0.1111111111111111 | 0.3333333333333333 |
|  Purchase |         0.0         |      0.0       |      0.0       |      0.8       |      1.0       | 0.6666666666666666 |      1.0       |      0.0      |        0.0         | 0.1111111111111111 |
+-----------+---------------------+----------------+----------------+----------------+----------------+--------------------+----------------+---------------+--------------------+--------------------+