Sum of squared errors: 85.21572936295921
Cluster centroids:
+-----------+---------------------+---------------+----------------+----------------+---------------------+--------------------+----------------+---------------------+
| Attribute |    Cluster 0 (15)   | Cluster 1 (8) | Cluster 2 (16) | Cluster 3 (10) |    Cluster 4 (15)   |   Cluster 5 (15)   | Cluster 6 (10) |    Cluster 7 (11)   |
+-----------+---------------------+---------------+----------------+----------------+---------------------+--------------------+----------------+---------------------+
|    Home   |         0.8         |      1.0      |      0.75      |      1.0       |  0.3333333333333333 | 0.6666666666666666 |      0.0       |  0.2727272727272727 |
|  Products |  0.5333333333333333 |     0.875     |      0.5       |      0.4       |  0.9333333333333333 | 0.7333333333333333 |      1.0       |  0.9090909090909091 |
|   Search  |         1.0         |      0.0      |     0.0625     |      1.0       |  0.5333333333333333 |        0.0         |      0.1       |  0.7272727272727273 |
|   Prod_A  |         1.0         |      1.0      |     0.8125     |      0.0       |         0.2         | 0.9333333333333333 |      0.0       |         0.0         |
|   Prod_B  | 0.26666666666666666 |     0.375     |      0.25      |      0.0       |         1.0         | 0.5333333333333333 |      1.0       |         1.0         |
|   Prod_C  |         0.6         |      1.0      |      0.0       |      0.4       |         1.0         |        0.0         |      0.9       |         0.0         |
|    Cart   |  0.9333333333333333 |     0.875     |     0.1875     |      0.7       | 0.06666666666666667 |        1.0         |      1.0       | 0.36363636363636365 |
|  Purchase |  0.6666666666666666 |      0.25     |      0.0       |      0.4       |         0.0         | 0.9333333333333333 |      0.9       |         0.0         |
+-----------+---------------------+---------------+----------------+----------------+---------------------+--------------------+----------------+---------------------+